1 78 65 82
2 85 72 91
3 67 58 73
4 92 88 95
5 56 48 62
6 71 69 74
7 83 77 89
8 49 52 46
9 95 94 98
10 61 57 63
11 88 81 76
12 73 69 71
13 90 87 92
14 54 47 59
15 66 68 64
16 78 81 72
17 84 76 88
18 59 55 51
19 97 91 95
20 63 61 57
21 72 70 65
22 86 82 79
23 45 49 40
24 89 84 91
25 69 66 71
26 58 62 54
27 93 90 97
28 77 73 79
29 64 60 58
30 81 75 83
31 74 71 69
32 57 46 49
33 85 79 92
34 91 95 90
35 66 63 72
36 88 82 84
37 76 73 70
38 53 48 41
39 94 93 96
40 62 58 66
41 79 77 81
42 87 85 90
43 55 52 48
44 71 74 79
45 98 97 96
46 68 66 73
47 82 80 84
48 50 46 44
49 73 69 75
50 89 83 91
