1 Student1 18 78 65 82
2 Student2 19 85 72 91
3 Student3 20 67 58 73
4 Student4 21 92 88 95
5 Student5 18 56 48 62
6 Student6 20 71 69 74
7 Student7 19 83 77 89
8 Student8 22 49 52 46
9 Student9 21 95 94 98
10 Student10 20 61 57 63
11 Student11 19 88 81 76
12 Student12 18 73 69 71
13 Student13 20 90 87 92
14 Student14 21 54 47 59
15 Student15 19 66 68 64
16 Student16 22 78 81 72
17 Student17 20 84 76 88
18 Student18 21 59 55 51
19 Student19 18 97 91 95
20 Student20 20 63 61 57
21 Student21 19 72 70 65
22 Student22 21 86 82 79
23 Student23 20 45 49 40
24 Student24 22 89 84 91
25 Student25 18 69 66 71
26 Student26 21 58 62 54
27 Student27 19 93 90 97
28 Student28 20 77 73 79
29 Student29 18 64 60 58
30 Student30 22 81 75 83
31 Student31 19 74 71 69
32 Student32 20 57 46 49
33 Student33 18 85 79 92
34 Student34 21 91 95 90
35 Student35 22 66 63 72
36 Student36 20 88 82 84
37 Student37 19 76 73 70
38 Student38 18 53 48 41
39 Student39 21 94 93 96
40 Student40 20 62 58 66
41 Student41 22 79 77 81
42 Student42 18 87 85 90
43 Student43 19 55 52 48
44 Student44 21 71 74 79
45 Student45 20 98 97 96
46 Student46 19 68 66 73
47 Student47 22 82 80 84
48 Student48 18 50 46 44
49 Student49 21 73 69 75
50 Student50 20 89 83 91
